89,5
89,4
89,3
89,2
89,1
89,0
88,6
88,5
88,4
88,3
88,2
88,1
88,0
87,7
87,6
87,5
87,4
87,3
87,2
87,1
87,0
86,7
86,6
86,5
86,4
86,3
86,2
86,1
86,0
85,7
85,6
85,5
85,4
85,3
85,2
85,1
85,0
84,7
84,6
84,5
84,4
84,3
84,2
84,1
84,0
79,5
79,4
79,3
79,2
79,1
79,0
78,5
78,4
78,3
78,2
78,1
78,0
75,4
75,3
75,2
75,1
75,0
72,8
72,7
72,6
72,5
72,4
72,3
72,2
72,1
72,0
71,5
71,4
71,3
71,2
71,1
71,0
70,3
70,2
70,1
70,0
69,10
69,9
69,8
69,7
69,6
69,5
69,4
69,3
69,2
69,1
69,0
68,3
68,2
68,1
68,0
66,3
66,2
66,1
66,0
58,4
58,3
58,2
58,1
58,0
57,4
57,3
57,2
57,1
57,0
56,5
56,4
56,3
56,2
56,1
56,0
55,5
55,4
55,3
55,2
55,1
55,0
54,5
54,4
54,3
54,2
54,1
54,0
47,6
47,5
47,4
47,3
47,2
47,1
47,0
46,5
46,4
46,3
46,2
46,1
46,0
36,3
36,2
36,1
36,0
27,5
27,4
27,3
27,2
27,1
27,0
26,5
26,4
26,3
26,2
26,1
26,0
25,3
25,2
25,1
25,0
24,4
24,3
24,2
24,1
24,0
21,6
21,4
21,3
21,2
21,1
21,0
20,4
20,3
20,2
20,1
20,0
17,8
17,6
17,4
17,3
17,2
17,1
17,0
10,5
10,4
10,3
10,2
10,1
10,0
9,7
9,6
9,5
9,4
9,3
9,2
9,1
9,0
8,3
8,2
8,1
8,0
7,2
7,1
7,0
6,6
6,5
6,4
6,3
6,2
6,1
6,0
5,13
5,12
5,11
5,10
5,7
5,5
5,2
5,1
5,0
4,2
4,1
4,0
3,2
5,8
2,2
5,3
1,2
4,3
0,53
7,3
0,52
0,9
0,2
89,6
89,7
91,1
91,2
91,4
92,0
92,2
92,4
92,5
93,0
93,1
93,3
93,5
93,6
95,1
95,2
95,4
95,5
96,1
96,3
96,4
97,1
97,2
97,4
97,6
97,7
98,0
98,1
98,3
98,4
98,6
99,0
99,1
99,3
99,4
99,5
99,2
98,7
98,5
98,2
97,8
97,5
97,3
97,0
96,2
96,0
95,3
95,0
93,4
93,2
92,6
92,3
92,1
91,3
91,0
1,45
3,44
2,44
1,44
3,43
2,43
1,43
3,42
2,42
1,42
3,41
2,41
1,41
3,40
2,40
1,40
3,39
2,39
1,39
3,38
2,38
1,38
3,37
2,37
1,37
3,36
2,36
1,36
3,35
2,35
1,35
3,34
2,34
1,34
3,33
2,33
1,33
3,32
2,32
1,32
3,31
2,31
1,31
3,30
2,30
1,30
3,29
2,29
1,29
3,28
2,28
1,28
3,27
2,27
1,27
3,26
2,26
1,26
3,25
2,25
1,25
3,24
2,24
1,24
3,23
2,23
1,23
3,22
2,22
1,22
3,21
2,21
1,21
3,20
2,20
1,20
3,19
2,19
1,19
3,18
2,18
1,18
3,17
2,17
1,17
3,16
2,16
1,16
3,15
2,15
1,15
3,14
2,14
1,14
3,13
2,13
1,13
3,12
2,12
1,12
3,11
2,11
1,11
3,10
2,10
1,10
3,9
2,9
1,9
3,8
2,8
1,8
3,7
2,7
1,7
3,6
2,6
1,6
3,5
2,5
1,5
3,4
2,4
1,4
3,3
3,0
2,3
2,0
1,3
1,0
0,6
0,0
0,47
0,46
0,49
0,48
0,45
0,12
0,51
0,10
0,8
0,11
0,5
0,7
0,4
0,3
